0.25
0.18
0.19
0.17
0.166
0.153333333333
0.142857142857
0.1425
0.131111111111
0.13


0.25
0.18
0.19
0.17
0.166
0.153333333333
0.142857142857
0.1425
0.131111111111
0.13


0.17
0.15
0.146666666667
0.1275
0.118
0.11
0.1
0.1
0.0933333333333
0.094


0.23
0.145
0.123333333333
0.1025
0.094
0.0916666666667
0.0842857142857
0.08375
0.0766666666667
0.08


0.24
0.16
0.133333333333
0.1175
0.106
0.1
0.0942857142857
0.09
0.0833333333333
0.086


0.27
0.185
0.143333333333
0.1325
0.126
0.118333333333
0.111428571429
0.1025
0.0988888888889
0.099


0.24
0.175
0.163333333333
0.155
0.148
0.14
0.138571428571
0.135
0.128888888889
0.131


0.24
0.185
0.173333333333
0.165
0.16
0.155
0.147142857143
0.145
0.14
0.145


minimum loss for: 20 at: 5
0.2
0.17
0.15
0.135
0.126
0.116666666667
0.108571428571
0.09625
0.0933333333333
0.088


